0.5056900978088379
0.3512580394744873
0.5296745300292969
0.36577486991882324
0.5046901702880859
0.5011067390441895
0.350783109664917
0.35178375244140625
0.5146830081939697
0.38975977897644043
0.34782981872558594
0.5196487903594971
0.5456829071044922
0.525984525680542
0.6426041126251221
0.6068904399871826
0.44602346420288086
0.6149067878723145
0.636932373046875
0.43273448944091797
0.4577174186706543
0.5806422233581543
0.3647751808166504
0.4657144546508789
0.36377525329589844
0.49088120460510254
0.49154067039489746
0.4661600589752197
0.3178999423980713
0.3547825813293457
0.33179807662963867
0.37764954566955566
0.3387925624847412
0.36177635192871094
0.4077455997467041
0.43073272705078125
0.5276763439178467
0.48469996452331543
0.4597158432006836
0.3527848720550537
0.36577391624450684
0.48270153999328613
0.33579444885253906
0.35350894927978516
0.35777831077575684
0.47536706924438477
0.3307957649230957
0.3507840633392334
0.33379507064819336
0.5236794948577881
